1,36
11,15
21,26
31,33
41,44
51,53
61,64
71,76
81,87
91,96
101,108
111,130
121,128
131,137
141,148
151,159
161,183
171,178
181,192
191,210
201,211
211,220
221,246
231,241
241,256
251,276
261,291
271,297
281,295
291,317
301,312
311,326
321,349
331,357
341,357
351,382
361,376
371,399
381,311
391,255
401,258
411,266
421,261
431,267
441,266
451,281
461,286
471,290
481,290
491,307
501,312
511,318
521,321
531,268
541,268
551,291
561,298
571,302
581,305
591,309
601,292
611,298
621,324
631,331
641,350
651,364
661,333
671,327
681,332
691,334
701,342
711,350
721,348
731,355
741,365
751,392
761,459
771,394
781,399
791,403
801,412
811,406
821,397
831,403
841,412
851,426
861,427
871,430
881,448
891,437
901,435
911,444
921,444
931,454
941,464
951,462
961,462
971,474
981,472
991,483
1001,489
1011,493
1021,518
1031,496
1041,506
1051,512
1061,516
1071,517
1081,525
1091,553
1101,575
1111,566
1121,574
1131,582
1141,581
1151,589
1161,586
1171,601
1181,608
1191,611
1201,619
1211,620
1221,620
1231,635
1241,636
1251,639
1261,643
1271,646
1281,654
1291,689
1301,665
1311,662
1321,667
1331,675
1341,680
1351,696
1361,687
1371,702
1381,703
1391,716
1401,701
1411,713
1421,715
1431,723
1441,717
1451,725
1461,780
1471,732
1481,739
1491,749
1501,749
1511,797
1521,764
1531,775
1541,774
1551,768
1561,818
1571,810
1581,889
1591,778
1601,772
1611,807
1621,782
1631,791
1641,794
1651,805
1661,822
1671,814
1681,813
1691,825
1701,828
1711,843
1721,836
1731,844
1741,846
1751,867
1761,850
1771,863
1781,866
1791,870
1801,895
1811,881
1821,889
1831,889
1841,908
1851,900
1861,909
1871,908
1881,922
1891,931
1901,924
1911,929
1921,932
1931,952
1941,942
1951,947
1961,951
1971,972
1981,972
1991,967
2001,972
2011,985
2021,982
2031,992
2041,995
2051,1012
2061,1023
2071,1007
2081,1009
2091,1034
2101,1026
2111,1025
2121,1037
2131,1048
2141,1044
2151,1043
2161,1049
2171,1074
2181,1056
2191,1069
2201,1082
2211,1066
2221,1072
2231,1071
2241,1119
2251,1106
2261,1088
2271,1137
2281,1093
2291,1118
2301,1125
2311,1130
2321,1116
2331,1122
2341,1159
2351,1140
2361,1151
2371,1138
2381,1159
2391,1143
2401,1176
2411,1197
2421,1161
2431,1192
2441,1192
2451,1176
2461,1201
2471,1197
2481,1204
2491,1191
2501,1220
2511,1239
2521,1213
2531,1214
2541,1248
2551,1240
2561,1299
2571,1288
2581,1255
2591,1252
2601,1299
2611,1265
2621,1270
2631,1308
2641,1283
2651,1280
2661,1320
2671,1295
2681,1304
2691,1341
2701,1304
2711,1317
2721,1359
2731,1320
2741,1340
2751,1370
2761,1339
2771,1441
2781,1374
2791,1367
2801,1362
2811,1383
2821,1370
2831,1378
2841,1378
2851,1361
2861,1373
2871,1405
2881,1436
2891,1468
2901,1441
2911,1447
2921,1493
2931,1459
2941,1460
2951,1506
2961,1464
2971,1477
2981,1475
2991,1482
3001,1533
3011,1487
3021,1502
3031,1517
3041,1530
3051,1561
3061,1538
3071,1676
3081,1951
3091,1779
3101,1639
3111,1610
3121,1587
3131,1571
3141,1535
3151,1628
3161,1609
3171,1668
3181,2130
3191,1860
3201,1617
3211,1568
3221,1578
3231,1584
3241,1607
3251,1609
3261,1613
3271,1607
3281,1614
3291,1686
3301,1622
3311,1692
3321,1626
3331,1632
3341,1632
3351,1667
3361,1713
3371,1638
3381,1637
3391,1682
3401,1656
3411,1703
3421,1662
3431,1704
3441,1671
3451,1736
3461,1667
3471,1650
3481,1703
3491,1708
3501,1718
3511,1673
3521,1689
3531,1687
3541,1691
3551,1740
3561,1691
3571,1782
3581,1708
3591,1776
3601,1709
3611,1716
3621,1759
3631,1738
3641,1785
3651,1744
3661,1790
3671,1753
3681,1803
3691,1755
3701,1758
3711,1772
3721,1773
3731,1820
3741,1795
3751,1834
3761,1806
3771,1837
3781,1799
3791,1955
3801,1852
3811,1863
3821,1821
3831,1861
3841,1863
3851,1916
3861,1865
3871,1870
3881,1932
3891,1817
3901,1865
3911,1854
3921,1933
3931,1867
3941,1920
3951,2011
3961,2039
3971,1931
3981,1952
3991,1946
4001,1931
4011,1915
4021,1954
4031,1964
4041,1966
4051,1933
4061,1962
4071,1946
4081,1981
4091,1946
4101,1988
4111,1961
4121,2010
4131,1972
4141,2008
4151,1981
4161,2025
4171,1988
4181,2030
4191,1992
4201,2053
4211,2051
4221,2070
4231,2050
4241,2032
4251,2067
4261,2072
4271,2127
4281,2079
4291,2097
4301,2055
4311,2130
4321,2060
4331,2157
4341,2063
4351,2121
4361,2082
4371,2137
4381,2087
4391,2083
4401,2142
4411,2086
4421,2180
4431,2113
4441,2185
4451,2123
4461,2183
4471,2125
4481,2182
4491,2196
4501,2170
4511,2204
4521,2145
4531,2215
4541,2157
4551,2217
4561,2165
4571,2180
4581,2232
4591,2180
4601,2237
4611,2197
4621,2238
4631,2202
4641,2225
4651,2270
4661,2218
4671,2268
4681,2229
4691,2281
4701,2230
4711,2248
4721,2293
4731,2245
4741,2478
4751,2257
4761,2303
4771,2322
4781,2316
4791,2365
4801,2333
4811,2388
4821,2338
4831,2307
4841,2342
4851,2300
4861,2347
4871,2474
4881,2437
4891,2342
4901,2427
4911,2422
4921,2424
4931,2428
4941,2428
4951,2383
4961,2349
4971,2412
4981,2369
4991,2409
5001,2446
5011,2384
5021,2432
5031,2403
5041,2531
5051,2446
5061,2405
5071,2457
5081,2456
5091,2412
5101,2475
5111,2434
5121,2431
5131,2483
5141,2439
5151,2494
5161,2488
5171,2504
5181,2526
5191,2521
5201,2476
5211,2518
5221,2467
5231,2484
5241,2530
5251,2474
5261,2529
5271,2528
5281,2493
5291,2536
5301,2569
5311,2522
5321,2563
5331,2605
5341,2534
5351,2560
5361,2573
5371,2540
5381,2577
5391,2583
5401,2553
5411,2596
5421,2625
5431,2588
5441,2639
5451,2618
5461,2601
5471,2591
5481,2620
5491,2602
5501,2636
5511,2649
5521,2606
5531,2906
5541,3760
5551,2951
5561,2755
5571,2722
5581,2752
5591,2693
5601,2709
5611,2750
5621,2729
5631,2671
5641,2805
5651,2912
5661,2695
5671,2748
5681,2807
5691,2847
5701,2693
5711,2786
5721,2762
5731,2764
5741,2821
5751,2828
5761,2840
5771,2725
5781,2787
5791,2806
5801,2763
5811,2784
5821,2795
5831,2790
5841,2774
5851,2815
5861,2845
5871,2765
5881,2823
5891,2844
5901,2831
5911,2816
5921,2878
5931,2871
5941,2814
5951,2832
5961,2848
5971,2883
5981,2816
5991,2859
6001,2906
6011,2889
6021,2842
6031,2897
6041,2936
6051,2911
6061,2873
6071,2920
6081,2899
6091,2927
6101,2874
6111,2937
6121,2938
6131,2942
6141,2892
6151,2992
6161,3003
6171,2967
6181,2909
6191,2980
6201,2976
6211,3129
6221,3026
6231,2972
6241,3044
6251,3036
6261,3015
6271,2980
6281,2997
6291,3034
6301,2994
6311,2968
6321,3028
6331,3423
6341,3057
6351,3112
6361,3030
6371,3101
6381,3112
6391,3126
6401,3059
6411,3031
6421,3082
6431,3066
6441,3107
6451,3130
6461,3076
6471,3108
6481,3090
6491,3103
6501,3074
6511,3095
6521,3117
6531,3209
6541,3118
6551,3143
6561,3177
6571,3215
6581,3216
6591,3159
6601,3101
6611,3152
6621,3146
6631,3154
6641,3199
6651,3100
6661,3130
6671,3195
6681,3221
6691,3186
6701,3211
6711,3172
6721,3172
6731,3237
6741,3217
6751,3228
6761,3173
6771,3176
6781,3218
6791,3226
6801,3245
6811,3250
6821,3193
6831,3237
6841,3478
6851,3271
6861,3267
6871,3309
6881,3277
6891,3230
6901,3282
6911,3291
6921,3299
6931,3385
6941,3592
6951,3649
6961,3361
6971,3335
6981,3378
6991,3408
7001,3404
7011,3343
7021,3350
7031,3300
7041,3352
7051,3517
7061,5077
7071,3664
7081,3503
7091,3505
7101,3459
7111,3463
7121,3412
7131,3423
7141,3470
7151,3478
7161,3501
7171,4463
7181,4156
7191,3667
7201,3492
7211,3481
7221,3608
7231,3543
7241,3456
7251,3544
7261,3553
7271,3578
7281,3555
7291,3550
7301,3567
7311,3420
7321,3439
7331,3485
7341,3493
7351,3489
7361,3670
7371,3497
7381,3518
7391,3530
7401,3813
7411,3568
7421,3569
7431,3635
7441,3592
7451,3534
7461,3544
7471,3541
7481,3557
7491,3587
7501,3613
7511,3560
7521,3583
7531,3558
7541,3522
7551,3562
7561,3591
7571,3583
7581,3662
7591,3687
7601,3608
7611,3621
7621,3887
7631,3742
7641,3696
7651,3728
7661,3717
7671,3728
7681,3776
7691,3712
7701,3673
7711,3703
7721,3623
7731,3684
7741,3670
7751,3670
7761,3692
7771,3720
7781,3704
7791,3720
7801,3711
7811,3692
7821,3734
7831,3708
7841,3721
7851,3741
7861,3742
7871,3726
7881,3727
7891,3688
7901,3714
7911,3723
7921,3740
7931,4597
7941,3749
7951,3801
7961,3831
7971,3836
7981,3787
7991,3775
8001,3774
8011,3779
8021,3786
8031,3783
8041,3835
8051,3849
8061,3819
8071,3836
8081,3841
8091,3895
8101,3844
8111,3826
8121,3857
8131,3846
8141,3851
8151,3855
8161,3860
8171,3879
8181,3867
8191,3900
8201,3898
8211,3916
8221,3902
8231,3894
8241,3900
8251,3902
8261,3901
8271,3917
8281,3981
8291,3926
8301,3949
8311,3961
8321,3944
8331,3944
8341,3950
8351,3952
8361,4010
8371,3958
8381,3969
8391,3976
8401,4002
8411,3998
8421,3991
8431,4182
8441,3997
8451,4006
8461,4005
8471,4013
8481,4048
8491,4000
8501,4131
8511,5797
8521,4512
8531,4175
8541,4228
8551,4268
8561,4181
8571,4157
8581,4202
8591,4159
8601,4189
8611,4080
8621,4049
8631,4082
8641,4097
8651,4074
8661,4074
8671,4085
8681,4098
8691,4152
8701,4174
8711,4097
8721,4116
8731,4112
8741,4123
8751,4101
8761,4128
8771,4126
8781,4195
8791,4133
8801,4143
8811,4145
8821,4159
8831,4157
8841,4159
8851,4171
8861,4186
8871,4164
8881,4186
8891,4187
8901,4436
8911,4185
8921,4227
8931,4204
8941,4203
8951,4212
8961,4209
8971,4228
8981,4236
8991,4660
9001,4209
9011,4390
9021,4253
9031,4260
9041,4238
9051,4267
9061,4254
9071,4261
9081,4274
9091,4275
9101,4296
9111,4296
9121,4394
9131,4331
9141,4312
9151,4335
9161,4315
9171,4311
9181,4332
9191,4338
9201,4361
9211,4341
9221,4397
9231,4358
9241,4405
9251,4361
9261,4371
9271,4447
9281,4382
9291,4401
9301,4407
9311,4382
9321,4419
9331,4409
9341,4423
9351,4633
9361,4414
9371,4446
9381,4438
9391,4436
9401,4442
9411,4476
9421,4474
9431,4447
9441,4971
9451,4473
9461,4498
9471,4467
9481,4476
9491,4491
9501,4663
9511,6221
9521,5132
9531,4677
9541,4682
9551,4602
9561,4522
9571,4651
9581,4543
9591,4552
9601,4719
9611,4564
9621,4644
9631,4666
9641,4636
9651,4721
9661,6325
9671,4797
9681,4773
9691,4727
9701,4666
9711,4596
9721,4601
9731,4601
9741,4638
9751,4618
9761,4649
9771,4836
9781,4649
9791,4644
9801,6539
9811,4622
9821,4673
9831,5002
9841,4738
9851,5172
9861,4681
9871,4666
9881,4657
9891,4655
9901,4651
9911,4659
9921,4665
9931,5009
9941,4810
9951,4817
9961,4812
9971,4768
9981,4718
9991,4742
1,1
11,5
21,9
31,12
41,27
51,29
61,23
71,28
81,37
91,35
101,40
111,43
121,62
131,171
141,61
151,59
161,100
171,77
181,94
191,85
201,113
211,98
221,87
231,105
241,134
251,100
261,124
271,120
281,112
291,166
301,120
311,154
321,127
331,160
341,144
351,166
361,151
371,177
381,181
391,158
401,182
411,178
421,175
431,187
441,190
451,198
461,203
471,212
481,221
491,228
501,218
511,236
521,244
531,234
541,251
551,256
561,259
571,268
581,278
591,283
601,278
611,295
621,306
631,293
641,314
651,328
661,323
671,335
681,334
691,335
701,339
711,345
721,325
731,322
741,340
751,331
761,334
771,338
781,346
791,356
801,354
811,364
821,386
831,384
841,389
851,416
861,401
871,403
881,411
891,411
901,421
911,421
921,427
931,427
941,455
951,438
961,449
971,445
981,455
991,455
1001,462
1011,462
1021,472
1031,484
1041,488
1051,482
1061,493
1071,498
1081,498
1091,505
1101,516
1111,521
1121,519
1131,519
1141,530
1151,532
1161,535
1171,541
1181,548
1191,564
1201,545
1211,551
1221,565
1231,568
1241,574
1251,584
1261,592
1271,621
1281,592
1291,595
1301,604
1311,607
1321,629
1331,614
1341,620
1351,624
1361,636
1371,641
1381,657
1391,670
1401,663
1411,675
1421,672
1431,675
1441,725
1451,693
1461,698
1471,692
1481,703
1491,711
1501,755
1511,716
1521,722
1531,727
1541,726
1551,740
1561,753
1571,748
1581,748
1591,760
1601,759
1611,794
1621,774
1631,769
1641,783
1651,782
1661,796
1671,792
1681,797
1691,795
1701,807
1711,818
1721,820
1731,810
1741,829
1751,836
1761,868
1771,839
1781,849
1791,846
1801,893
1811,857
1821,869
1831,868
1841,876
1851,916
1861,879
1871,893
1881,887
1891,942
1901,1010
1911,923
1921,920
1931,913
1941,951
1951,933
1961,939
1971,936
1981,954
1991,946
2001,950
2011,957
2021,995
2031,968
2041,965
2051,978
2061,1007
2071,985
2081,987
2091,990
2101,1038
2111,1010
2121,1011
2131,1004
2141,1060
2151,1020
2161,1028
2171,1033
2181,1050
2191,1046
2201,1057
2211,1046
2221,1097
2231,1072
2241,1063
2251,1115
2261,1068
2271,1082
2281,1079
2291,1124
2301,1094
2311,1096
2321,1097
2331,1154
2341,1121
2351,1312
2361,1198
2371,1121
2381,1118
2391,1121
2401,1147
2411,1138
2421,1151
2431,1165
2441,1159
2451,1167
2461,1209
2471,1170
2481,1184
2491,1181
2501,1195
2511,1187
2521,1192
2531,1234
2541,1204
2551,1216
2561,1270
2571,1224
2581,1231
2591,1239
2601,1272
2611,1237
2621,1246
2631,1302
2641,1260
2651,1261
2661,1300
2671,1276
2681,1272
2691,1316
2701,1286
2711,1290
2721,1336
2731,1309
2741,1299
2751,1346
2761,1308
2771,1322
2781,1363
2791,1318
2801,1329
2811,1380
2821,1337
2831,1363
2841,1394
2851,1348
2861,1366
2871,1410
2881,1358
2891,1368
2901,1404
2911,1372
2921,1393
2931,1426
2941,1387
2951,1394
2961,1409
2971,1403
2981,1467
2991,1421
3001,1420
3011,1464
3021,1438
3031,1433
3041,1492
3051,1445
3061,1452
3071,1495
3081,1456
3091,1504
3101,1469
3111,1472
3121,1554
3131,1487
3141,1492
3151,1515
3161,1513
3171,1554
3181,1504
3191,1507
3201,1569
3211,1514
3221,1525
3231,1538
3241,1539
3251,1583
3261,1535
3271,1541
3281,1567
3291,1604
3301,1603
3311,1575
3321,1559
3331,1623
3341,1612
3351,1601
3361,1593
3371,1598
3381,1642
3391,1610
3401,1653
3411,1632
3421,1631
3431,1682
3441,1646
3451,1748
3461,1693
3471,1730
3481,1684
3491,1677
3501,1736
3511,1703
3521,1748
3531,1716
3541,1764
3551,1728
3561,1727
3571,1728
3581,1742
3591,1779
3601,1776
3611,1796
3621,1763
3631,1800
3641,1794
3651,1782
3661,1815
3671,1791
3681,1844
3691,1796
3701,1849
3711,1813
3721,1875
3731,1866
3741,1815
3751,1825
3761,1791
3771,1811
3781,1804
3791,1816
3801,2281
3811,2350
3821,1872
3831,1947
3841,1867
3851,1921
3861,1863
3871,1888
3881,1919
3891,1878
3901,1868
3911,1898
3921,1878
3931,1988
3941,1933
3951,1899
3961,1859
3971,1918
3981,1887
3991,1955
4001,1916
4011,1961
4021,1945
4031,1960
4041,1990
4051,1996
4061,1953
4071,1994
4081,2013
4091,2007
4101,2001
4111,2019
4121,2016
4131,2021
4141,2033
4151,2055
4161,2031
4171,2032
4181,2043
4191,2069
4201,2050
4211,2064
4221,2052
4231,2073
4241,2077
4251,2076
4261,2101
4271,2100
4281,2090
4291,2224
4301,2100
4311,2119
4321,2106
4331,2108
4341,2116
4351,2120
4361,2137
4371,2131
4381,2139
4391,2145
4401,2166
4411,2153
4421,2173
4431,2159
4441,2180
4451,2177
4461,2191
4471,2198
4481,2294
4491,2209
4501,2191
4511,2215
4521,2235
4531,2248
4541,2204
4551,2227
4561,2235
4571,2228
4581,2254
4591,2229
4601,2277
4611,2186
4621,2246
4631,2300
4641,2357
4651,2318
4661,2272
4671,2292
4681,2277
4691,2291
4701,2533
4711,2253
4721,2342
4731,2263
4741,2329
4751,2297
4761,2309
4771,2327
4781,2330
4791,2350
4801,2339
4811,2339
4821,2400
4831,2313
4841,2409
4851,2322
4861,2397
4871,2387
4881,2346
4891,2409
4901,2410
4911,2508
4921,2450
4931,2402
4941,2433
4951,2379
4961,2456
4971,2420
4981,2399
4991,2459
5001,2440
5011,2458
5021,2460
5031,2417
5041,2488
5051,2413
5061,2441
5071,2482
5081,2452
5091,2535
5101,2558
5111,2495
5121,2503
5131,2542
5141,2506
5151,2529
5161,2483
5171,2538
5181,2584
5191,2487
5201,2550
5211,2572
5221,2508
5231,2562
5241,2526
5251,2536
5261,2601
5271,2544
5281,2603
5291,2576
5301,2564
5311,2782
5321,2624
5331,2568
5341,2616
5351,2606
5361,2573
5371,2623
5381,2654
5391,2599
5401,2644
5411,2667
5421,2619
5431,2673
5441,2669
5451,2633
5461,2688
5471,2684
5481,2622
5491,2676
5501,3018
5511,2706
5521,2720
5531,2692
5541,2709
5551,2755
5561,2765
5571,2695
5581,2765
5591,3321
5601,3274
5611,2866
5621,2806
5631,2859
5641,2886
5651,2775
5661,2811
5671,2812
5681,2789
5691,2883
5701,2808
5711,2836
5721,2803
5731,2837
5741,2850
5751,2873
5761,2827
5771,2880
5781,2857
5791,2841
5801,2880
5811,2887
5821,2842
5831,2899
5841,2877
5851,2860
5861,2893
5871,3075
5881,2955
5891,2916
5901,2885
5911,2912
5921,2917
5931,2924
5941,3417
5951,3504
5961,3064
5971,2986
5981,2966
5991,3019
6001,2964
6011,2954
6021,3036
6031,3078
6041,2982
6051,3012
6061,2972
6071,3054
6081,3018
6091,3035
6101,2993
6111,2976
6121,2992
6131,3008
6141,2970
6151,2970
6161,3015
6171,3028
6181,3036
6191,3396
6201,3103
6211,3096
6221,3090
6231,3084
6241,3110
6251,3106
6261,3038
6271,3066
6281,3016
6291,3157
6301,3096
6311,3093
6321,3085
6331,3096
6341,3110
6351,3134
6361,3164
6371,3082
6381,3133
6391,3139
6401,3147
6411,3100
6421,3179
6431,3157
6441,3170
6451,3153
6461,3123
6471,3143
6481,3174
6491,3189
6501,3220
6511,3177
6521,3224
6531,3202
6541,3232
6551,3197
6561,3156
6571,3213
6581,3232
6591,3220
6601,3276
6611,3209
6621,3225
6631,3248
6641,3247
6651,3323
6661,3343
6671,3220
6681,3286
6691,3422
6701,3298
6711,3290
6721,3203
6731,3301
6741,3536
6751,3390
6761,3358
6771,3388
6781,3316
6791,3281
6801,3365
6811,3316
6821,3911
6831,3552
6841,3404
6851,3387
6861,3332
6871,3375
6881,3384
6891,3382
6901,3383
6911,3406
6921,3365
6931,3425
6941,3426
6951,3434
6961,3421
6971,3433
6981,3440
6991,3421
7001,3418
7011,3473
7021,3484
7031,3481
7041,3469
7051,3469
7061,3479
7071,3432
7081,3379
7091,3488
7101,3491
7111,3547
7121,3480
7131,3683
7141,3508
7151,3457
7161,3504
7171,3522
7181,3508
7191,3540
7201,3525
7211,3517
7221,3510
7231,3496
7241,3683
7251,3520
7261,3567
7271,3602
7281,3551
7291,3548
7301,3550
7311,3589
7321,3568
7331,3539
7341,3540
7351,3601
7361,3585
7371,3596
7381,3600
7391,4044
7401,3653
7411,3674
7421,3671
7431,3707
7441,3767
7451,3593
7461,3612
7471,3646
7481,3792
7491,4639
7501,4138
7511,3777
7521,3791
7531,3747
7541,3733
7551,3684
7561,3728
7571,3767
7581,3744
7591,3762
7601,3773
7611,3723
7621,3766
7631,3726
7641,3723
7651,3734
7661,3781
7671,3721
7681,3765
7691,3743
7701,3784
7711,3767
7721,3776
7731,3797
7741,3791
7751,3785
7761,3782
7771,3807
7781,3930
7791,3830
7801,3821
7811,3840
7821,3818
7831,3816
7841,3843
7851,3785
7861,3812
7871,3816
7881,3841
7891,3924
7901,3869
7911,3853
7921,4383
7931,3948
7941,3962
7951,3924
7961,3947
7971,3891
7981,3904
7991,3924
8001,3921
8011,3899
8021,3927
8031,4032
8041,3984
8051,3920
8061,3963
8071,3955
8081,4005
8091,3948
8101,3953
8111,3979
8121,3978
8131,3968
8141,4012
8151,4017
8161,3972
8171,4004
8181,4045
8191,3993
8201,4058
8211,4007
8221,4001
8231,4036
8241,4093
8251,4044
8261,4066
8271,4051
8281,4262
8291,4341
8301,4043
8311,4051
8321,4029
8331,4085
8341,4071
8351,4100
8361,4118
8371,4101
8381,4156
8391,4100
8401,4102
8411,4132
8421,4467
8431,4177
8441,4116
8451,4263
8461,5264
8471,4387
8481,4156
8491,4335
8501,4203
8511,4216
8521,4201
8531,4386
8541,4264
8551,4256
8561,4314
8571,4209
8581,4216
8591,4221
8601,4228
8611,4177
8621,4216
8631,4229
8641,4219
8651,4254
8661,4316
8671,4273
8681,4277
8691,4292
8701,4326
8711,4275
8721,4446
8731,4343
8741,4310
8751,4704
8761,4420
8771,5518
8781,4486
8791,4432
8801,4498
8811,4381
8821,4344
8831,4433
8841,4361
8851,4334
8861,4331
8871,4397
8881,4419
8891,4349
8901,4359
8911,4374
8921,4384
8931,4381
8941,4740
8951,4521
8961,4516
8971,4565
8981,4498
8991,4488
9001,4524
9011,4506
9021,4528
9031,4507
9041,4524
9051,4535
9061,4564
9071,4548
9081,4589
9091,4531
9101,4583
9111,4571
9121,4604
9131,4604
9141,4556
9151,4607
9161,4625
9171,4833
9181,4649
9191,4758
9201,4526
9211,4607
9221,4539
9231,4542
9241,4538
9251,4583
9261,4538
9271,4560
9281,4577
9291,4595
9301,5087
9311,4635
9321,4667
9331,4597
9341,4746
9351,4739
9361,4620
9371,4640
9381,4625
9391,4628
9401,4664
9411,4652
9421,4672
9431,4676
9441,4684
9451,4670
9461,4712
9471,4654
9481,4667
9491,4665
9501,4675
9511,4690
9521,4689
9531,4739
9541,4723
9551,4709
9561,4739
9571,4783
9581,4825
9591,4724
9601,4720
9611,4713
9621,5027
9631,4966
9641,4775
9651,4793
9661,4817
9671,4793
9681,4750
9691,4799
9701,4821
9711,4808
9721,4866
9731,4815
9741,4856
9751,5516
9761,4969
9771,4856
9781,4856
9791,4844
9801,4912
9811,4842
9821,4885
9831,4883
9841,4859
9851,4936
9861,4899
9871,5283
9881,5528
9891,4941
9901,5135
9911,5020
9921,4984
9931,5003
9941,4933
9951,4909
9961,4961
9971,4893
9981,4899
9991,4915
1,0
11,2
21,5
31,19
41,11
51,19
61,26
71,15
81,26
91,18
101,19
111,20
121,22
131,25
141,28
151,30
161,31
171,43
181,36
191,47
201,39
211,41
221,43
231,44
241,56
251,59
261,69
271,73
281,60
291,76
301,74
311,65
321,67
331,95
341,71
351,73
361,90
371,87
381,78
391,90
401,92
411,84
421,85
431,103
441,100
451,91
461,119
471,95
481,109
491,110
501,101
511,124
521,109
531,136
541,120
551,144
561,126
571,148
581,129
591,152
601,147
611,140
621,143
631,144
641,155
651,148
661,157
671,159
681,156
691,163
701,164
711,166
721,171
731,165
741,167
751,170
761,171
771,174
781,182
791,208
801,207
811,188
821,188
831,202
841,204
851,209
861,214
871,210
881,204
891,198
901,210
911,208
921,211
931,224
941,219
951,220
961,221
971,215
981,228
991,226
1001,223
1011,225
1021,226
1031,234
1041,246
1051,244
1061,265
1071,257
1081,261
1091,375
1101,272
1111,272
1121,291
1131,285
1141,287
1151,290
1161,293
1171,296
1181,310
1191,324
1201,303
1211,309
1221,320
1231,333
1241,335
1251,338
1261,316
1271,307
1281,318
1291,322
1301,316
1311,330
1321,321
1331,323
1341,325
1351,328
1361,328
1371,332
1381,333
1391,335
1401,338
1411,340
1421,343
1431,355
1441,348
1451,351
1461,353
1471,353
1481,356
1491,359
1501,361
1511,364
1521,368
1531,369
1541,373
1551,372
1561,375
1571,378
1581,379
1591,382
1601,384
1611,386
1621,389
1631,392
1641,407
1651,394
1661,395
1671,399
1681,402
1691,404
1701,406
1711,409
1721,411
1731,414
1741,424
1751,418
1761,420
1771,423
1781,424
1791,428
1801,429
1811,432
1821,434
1831,449
1841,439
1851,441
1861,441
1871,447
1881,448
1891,450
1901,452
1911,454
1921,479
1931,460
1941,461
1951,463
1961,467
1971,467
1981,470
1991,472
2001,474
2011,485
2021,479
2031,482
2041,485
2051,487
2061,494
2071,501
2081,508
2091,526
2101,520
2111,527
2121,533
2131,540
2141,547
2151,550
2161,572
2171,561
2181,567
2191,571
2201,573
2211,576
2221,575
2231,592
2241,580
2251,583
2261,585
2271,587
2281,589
2291,592
2301,607
2311,598
2321,600
2331,602
2341,604
2351,612
2361,661
2371,624
2381,629
2391,631
2401,630
2411,633
2421,636
2431,666
2441,630
2451,653
2461,635
2471,639
2481,641
2491,653
2501,693
2511,670
2521,649
2531,652
2541,654
2551,670
2561,658
2571,659
2581,663
2591,667
2601,669
2611,680
2621,674
2631,678
2641,679
2651,685
2661,685
2671,691
2681,689
2691,691
2701,695
2711,698
2721,710
2731,700
2741,704
2751,706
2761,708
2771,712
2781,728
2791,716
2801,718
2811,721
2821,724
2831,723
2841,735
2851,730
2861,732
2871,735
2881,737
2891,757
2901,744
2911,746
2921,748
2931,751
2941,764
2951,755
2961,758
2971,760
2981,764
2991,766
3001,778
3011,773
3021,773
3031,775
3041,777
3051,793
3061,782
3071,785
3081,785
3091,787
3101,802
3111,794
3121,796
3131,798
3141,800
3151,815
3161,806
3171,809
3181,814
3191,815
3201,827
3211,820
3221,822
3231,826
3241,836
3251,837
3261,830
3271,834
3281,836
3291,850
3301,842
3311,843
3321,844
3331,845
3341,867
3351,852
3361,854
3371,858
3381,860
3391,872
3401,865
3411,875
3421,871
3431,884
3441,877
3451,879
3461,880
3471,885
3481,898
3491,889
3501,891
3511,892
3521,907
3531,897
3541,898
3551,901
3561,902
3571,913
3581,909
3591,912
3601,913
3611,928
3621,922
3631,923
3641,927
3651,938
3661,932
3671,932
3681,940
3691,938
3701,960
3711,942
3721,979
3731,946
3741,964
3751,951
3761,953
3771,955
3781,969
3791,961
3801,968
3811,999
3821,1072
3831,1008
3841,1006
3851,1013
3861,1034
3871,1017
3881,1030
3891,1028
3901,1052
3911,1030
3921,1030
3931,1031
3941,1076
3951,1040
3961,1040
3971,1083
3981,1046
3991,1048
4001,1048
4011,1086
4021,1062
4031,1061
4041,1060
4051,1097
4061,1048
4071,1072
4081,1073
4091,1098
4101,1183
4111,1088
4121,1114
4131,1103
4141,1112
4151,1118
4161,1099
4171,1126
4181,1134
4191,1171
4201,1148
4211,1158
4221,1161
4231,1191
4241,1171
4251,1178
4261,1201
4271,1191
4281,1195
4291,1250
4301,1205
4311,1210
4321,1219
4331,1245
4341,1233
4351,1239
4361,1277
4371,1241
4381,1244
4391,1292
4401,1245
4411,1257
4421,1294
4431,1260
4441,1237
4451,1297
4461,1267
4471,1270
4481,1274
4491,1260
4501,1277
4511,1280
4521,1315
4531,1279
4541,1287
4551,1301
4561,1289
4571,1285
4581,1337
4591,1294
4601,1331
4611,1335
4621,1420
4631,1340
4641,1270
4651,1286
4661,1299
4671,1306
4681,1296
4691,1294
4701,1493
4711,1370
4721,1377
4731,1398
4741,1324
4751,1325
4761,1330
4771,1314
4781,1311
4791,1348
4801,1339
4811,1333
4821,1377
4831,1359
4841,1365
4851,1371
4861,1369
4871,1376
4881,1356
4891,1376
4901,1387
4911,1385
4921,1412
4931,1397
4941,1391
4951,1391
4961,1401
4971,1395
4981,1396
4991,1407
5001,1398
5011,1404
5021,1391
5031,1415
5041,1433
5051,1440
5061,1416
5071,1443
5081,1433
5091,1416
5101,1460
5111,1425
5121,1428
5131,1463
5141,1439
5151,1465
5161,1456
5171,1442
5181,1447
5191,1435
5201,1454
5211,1497
5221,1464
5231,1468
5241,1506
5251,1472
5261,1470
5271,1505
5281,1472
5291,1500
5301,1484
5311,1498
5321,1524
5331,1491
5341,1491
5351,1528
5361,1495
5371,1538
5381,1500
5391,1503
5401,1541
5411,1502
5421,1512
5431,1545
5441,1511
5451,1560
5461,1524
5471,1526
5481,1562
5491,1527
5501,1570
5511,1535
5521,1538
5531,1564
5541,1544
5551,1539
5561,1694
5571,1543
5581,1649
5591,1713
5601,1652
5611,1557
5621,1562
5631,1601
5641,1568
5651,1607
5661,1574
5671,1572
5681,1609
5691,1634
5701,1617
5711,1581
5721,1584
5731,1631
5741,1591
5751,1624
5761,1594
5771,1625
5781,1636
5791,1611
5801,1690
5811,1616
5821,1665
5831,1820
5841,1643
5851,1646
5861,1604
5871,1687
5881,1624
5891,1601
5901,1643
5911,1613
5921,1626
5931,1613
5941,1644
5951,1631
5961,1621
5971,1647
5981,1624
5991,1628
6001,1665
6011,1636
6021,1650
6031,1639
6041,1642
6051,1632
6061,1674
6071,1720
6081,1803
6091,1672
6101,1648
6111,1638
6121,1659
6131,1640
6141,1684
6151,1672
6161,1701
6171,1674
6181,1681
6191,1716
6201,1691
6211,1691
6221,1686
6231,1662
6241,1694
6251,1678
6261,1741
6271,1686
6281,1726
6291,1691
6301,1696
6311,1697
6321,1696
6331,1734
6341,1705
6351,1740
6361,1709
6371,1708
6381,1717
6391,1712
6401,1753
6411,1726
6421,1755
6431,1724
6441,1730
6451,1744
6461,1732
6471,1786
6481,1735
6491,1791
6501,1742
6511,1786
6521,1746
6531,1797
6541,1784
6551,1751
6561,1804
6571,1752
6581,1830
6591,1760
6601,1802
6611,1761
6621,1762
6631,1804
6641,1766
6651,1824
6661,1773
6671,1827
6681,1779
6691,1836
6701,1790
6711,1833
6721,1793
6731,1796
6741,1851
6751,1842
6761,1855
6771,1806
6781,1856
6791,1811
6801,1862
6811,1820
6821,1867
6831,1826
6841,1827
6851,1842
6861,1831
6871,1837
6881,1837
6891,1887
6901,1839
6911,1890
6921,1845
6931,1897
6941,1854
6951,1903
6961,1858
6971,1912
6981,1858
6991,1871
7001,1884
7011,1867
7021,1906
7031,1873
7041,1917
7051,1879
7061,1932
7071,1881
7081,1974
7091,1884
7101,2394
7111,1899
7121,1963
7131,1932
7141,1929
7151,1939
7161,1932
7171,1928
7181,1948
7191,1942
7201,1944
7211,1946
7221,1961
7231,1925
7241,1986
7251,1934
7261,1980
7271,1983
7281,1974
7291,1985
7301,1973
7311,1947
7321,2007
7331,1952
7341,2014
7351,1977
7361,1996
7371,1961
7381,2020
7391,1967
7401,2029
7411,1971
7421,2038
7431,1983
7441,2016
7451,2026
7461,2024
7471,2034
7481,2024
7491,1990
7501,2054
7511,1996
7521,2056
7531,2000
7541,2064
7551,2006
7561,2069
7571,2011
7581,2085
7591,2035
7601,2085
7611,2040
7621,2107
7631,2056
7641,2086
7651,2067
7661,2111
7671,2075
7681,2095
7691,2083
7701,2126
7711,2092
7721,2101
7731,2128
7741,2100
7751,2139
7761,2227
7771,2161
7781,2108
7791,2150
7801,2113
7811,2158
7821,2122
7831,2163
7841,2129
7851,2174
7861,2183
7871,2135
7881,2186
7891,2134
7901,2167
7911,2147
7921,2196
7931,2147
7941,2202
7951,2151
7961,2174
7971,2161
7981,2180
7991,2201
8001,2171
8011,2218
8021,2171
8031,2221
8041,2176
8051,2248
8061,2182
8071,2313
8081,2316
8091,2167
8101,2236
8111,2172
8121,2237
8131,2176
8141,2231
8151,2181
8161,2298
8171,2244
8181,2211
8191,2253
8201,2229
8211,2266
8221,2233
8231,2249
8241,2289
8251,2264
8261,2304
8271,2274
8281,2314
8291,2287
8301,2291
8311,2359
8321,2306
8331,2353
8341,2314
8351,2365
8361,2350
8371,2337
8381,2399
8391,2344
8401,2382
8411,2362
8421,2453
8431,2519
8441,2589
8451,2525
8461,2552
8471,2414
8481,2469
8491,2456
8501,2418
8511,2506
8521,2425
8531,2477
8541,2457
8551,2435
8561,2463
8571,2445
8581,2491
8591,2462
8601,2421
8611,2480
8621,2437
8631,2641
8641,2544
8651,2670
8661,2576
8671,2591
8681,2525
8691,2584
8701,2577
8711,2579
8721,2589
8731,2597
8741,2555
8751,2601
8761,2594
8771,2558
8781,2607
8791,2566
8801,2579
8811,2611
8821,2578
8831,2625
8841,2617
8851,2587
8861,2602
8871,2631
8881,2635
8891,2644
8901,2994
8911,2562
8921,2615
8931,2650
8941,2610
8951,2627
8961,2642
8971,2623
8981,2665
8991,2664
9001,2622
9011,2722
9021,2664
9031,2680
9041,2653
9051,2679
9061,2643
9071,2662
9081,2689
9091,2592
9101,2654
9111,2655
9121,2636
9131,2695
9141,2708
9151,2657
9161,2683
9171,2684
9181,2660
9191,2695
9201,2706
9211,2677
9221,2687
9231,2717
9241,2713
9251,2699
9261,2686
9271,2678
9281,2735
9291,2733
9301,2700
9311,2740
9321,2777
9331,2750
9341,2714
9351,2717
9361,2721
9371,2690
9381,2940
9391,2789
9401,2735
9411,2770
9421,2778
9431,2744
9441,2741
9451,2784
9461,2758
9471,2717
9481,2777
9491,2816
9501,2766
9511,2806
9521,2810
9531,2723
9541,2753
9551,2794
9561,2836
9571,3074
9581,2831
9591,2787
9601,2786
9611,2831
9621,2839
9631,2825
9641,2896
9651,3113
9661,2953
9671,2980
9681,2800
9691,2911
9701,2837
9711,2768
9721,2801
9731,2798
9741,2752
9751,2899
9761,2819
9771,2804
9781,2763
9791,2824
9801,2884
9811,2845
9821,2826
9831,2823
9841,2838
9851,2810
9861,2853
9871,2900
9881,2812
9891,2822
9901,2875
9911,2860
9921,2824
9931,2863
9941,2861
9951,2828
9961,2897
9971,2906
9981,2903
9991,2875
