1,5
11,4
21,16
31,9
41,10
51,20
61,17
71,20
81,22
91,24
101,22
111,30
121,37
131,45
141,47
151,39
161,46
171,45
181,46
191,61
201,67
211,90
221,56
231,76
241,71
251,70
261,67
271,91
281,78
291,74
301,93
311,79
321,88
331,97
341,95
351,93
361,108
371,100
381,118
391,105
401,129
411,105
421,133
431,99
441,123
451,129
461,143
471,120
481,105
491,140
501,153
511,118
521,145
531,144
541,155
551,167
561,184
571,173
581,175
591,167
601,170
611,182
621,185
631,144
641,191
651,192
661,194
671,187
681,189
691,202
701,180
711,209
721,216
731,212
741,205
751,207
761,245
771,227
781,225
791,238
801,231
811,239
821,236
831,239
841,246
851,243
861,245
871,223
881,251
891,269
901,256
911,265
921,303
931,269
941,276
951,286
961,271
971,293
981,288
991,295
1001,293
1011,286
1021,278
1031,276
1041,284
1051,296
1061,284
1071,293
1081,295
1091,297
1101,295
1111,302
1121,305
1131,307
1141,311
1151,308
1161,317
1171,318
1181,332
1191,325
1201,326
1211,329
1221,332
1231,334
1241,337
1251,340
1261,342
1271,345
1281,348
1291,361
1301,353
1311,356
1321,366
1331,423
1341,402
1351,366
1361,319
1371,378
1381,392
1391,407
1401,397
1411,339
1421,403
1431,400
1441,398
1451,403
1461,402
1471,405
1481,409
1491,439
1501,412
1511,421
1521,418
1531,414
1541,423
1551,421
1561,428
1571,425
1581,448
1591,431
1601,438
1611,441
1621,439
1631,448
1641,444
1651,453
1661,394
1671,465
1681,460
1691,400
1701,465
1711,463
1721,471
1731,475
1741,476
1751,479
1761,482
1771,484
1781,421
1791,500
1801,492
1811,495
1821,497
1831,512
1841,503
1851,506
1861,509
1871,512
1881,514
1891,447
1901,449
1911,540
1921,525
1931,526
1941,529
1951,460
1961,536
1971,536
1981,554
1991,548
2001,545
2011,547
2021,551
2031,484
2041,556
2051,574
2061,561
2071,568
2081,567
2091,570
2101,578
2111,574
2121,524
2131,581
2141,583
2151,589
2161,588
2171,597
2181,595
2191,528
2201,601
2211,607
2221,603
2231,613
2241,615
2251,625
2261,640
2271,623
2281,672
2291,692
2301,630
2311,640
2321,636
2331,639
2341,550
2351,644
2361,560
2371,664
2381,652
2391,648
2401,657
2411,660
2421,573
2431,683
2441,674
2451,699
2461,703
2471,701
2481,710
2491,711
2501,752
2511,685
2521,733
2531,816
2541,654
2551,830
2561,703
2571,878
2581,712
2591,735
2601,720
2611,721
2621,835
2631,726
2641,747
2651,732
2661,727
2671,729
2681,736
2691,752
2701,738
2711,748
2721,745
2731,746
2741,765
2751,750
2761,758
2771,756
2781,761
2791,781
2801,765
2811,771
2821,769
2831,777
2841,790
2851,779
2861,784
2871,784
2881,792
2891,804
2901,789
2911,799
2921,694
2931,803
2941,819
2951,808
2961,808
2971,814
2981,821
2991,835
3001,821
3011,710
3021,829
3031,833
3041,833
3051,837
3061,838
3071,840
3081,851
3091,845
3101,737
3111,850
3121,853
3131,865
3141,861
3151,748
3161,863
3171,880
3181,879
3191,871
3201,866
3211,871
3221,885
3231,879
3241,892
3251,882
3261,914
3271,886
3281,896
3291,774
3301,934
3311,902
3321,904
3331,902
3341,912
3351,913
3361,908
3371,919
3381,916
3391,933
3401,930
3411,690
3421,929
3431,965
3441,930
3451,942
3461,939
3471,977
3481,939
3491,951
3501,970
3511,974
3521,964
3531,966
3541,974
3551,851
3561,976
3571,976
3581,849
3591,994
3601,982
3611,981
3621,852
3631,1018
3641,991
3651,994
3661,1037
3671,1038
3681,1001
3691,1000
3701,1009
3711,883
3721,1013
3731,1012
3741,1022
3751,1026
3761,1023
3771,1022
3781,1066
3791,1027
3801,1031
3811,1033
3821,1072
3831,1040
3841,1038
3851,1044
3861,1050
3871,1052
3881,1090
3891,1086
3901,1096
3911,1097
3921,1107
3931,1114
3941,1106
3951,1116
3961,968
3971,1153
3981,1108
3991,1075
4001,945
4011,942
4021,1097
4031,1142
4041,1125
4051,1108
4061,1138
4071,1131
4081,1119
4091,971
4101,1148
4111,1127
4121,1135
4131,979
4141,1152
4151,1133
4161,1143
4171,1190
4181,1159
4191,1004
4201,1193
4211,1172
4221,1165
4231,1167
4241,1197
4251,1179
4261,1177
4271,1188
4281,1185
4291,1179
4301,1233
4311,1173
4321,1180
4331,1221
4341,1183
4351,1200
4361,1246
4371,1209
4381,1208
4391,1246
4401,1026
4411,1185
4421,1191
4431,1230
4441,1203
4451,1199
4461,1244
4471,1203
4481,1204
4491,1250
4501,1220
4511,1261
4521,1251
4531,1269
4541,1215
4551,1255
4561,1245
4571,1250
4581,1554
4591,1059
4601,1232
4611,1099
4621,1233
4631,1241
4641,1277
4651,1248
4661,1246
4671,1293
4681,1269
4691,1258
4701,1286
4711,1262
4721,1260
4731,1311
4741,1269
4751,1267
4761,1309
4771,1279
4781,1280
4791,1295
4801,1287
4811,1305
4821,1304
4831,1293
4841,1297
4851,1306
4861,1301
4871,1307
4881,1322
4891,1313
4901,1309
4911,1326
4921,1344
4931,1373
4941,1389
4951,1330
4961,1338
4971,1376
4981,1343
4991,1382
5001,1346
5011,1348
5021,1392
5031,1346
5041,1371
5051,1429
5061,1361
5071,1354
5081,1402
5091,1362
5101,1407
5111,1363
5121,1368
5131,1412
5141,1374
5151,1377
5161,1438
5171,1201
5181,1388
5191,1427
5201,1393
5211,1393
5221,1435
5231,1404
5241,1457
5251,1401
5261,1409
5271,1416
5281,1413
5291,1436
5301,1472
5311,1414
5321,1458
5331,1420
5341,1255
5351,1276
5361,1428
5371,1440
5381,1450
5391,1442
5401,1452
5411,1484
5421,1449
5431,1487
5441,1451
5451,1460
5461,1506
5471,1466
5481,1523
5491,1272
5501,1473
5511,1315
5521,1478
5531,1536
5541,1503
5551,1481
5561,1117
5571,1500
5581,1493
5591,1532
5601,1494
5611,1504
5621,1550
5631,1502
5641,1544
5651,1538
5661,1595
5671,1688
5681,1591
5691,1513
5701,1607
5711,1679
5721,1111
5731,1530
5741,1590
5751,1539
5761,1540
5771,1578
5781,1543
5791,1598
5801,1556
5811,1574
5821,1588
5831,1589
5841,1628
5851,1585
5861,1603
5871,1578
5881,1602
5891,1599
5901,1580
5911,1620
5921,1589
5931,1620
5941,2342
5951,1700
5961,1622
5971,1387
5981,1373
5991,1592
6001,1646
6011,1614
6021,1645
6031,1600
6041,1604
6051,1400
6061,1618
6071,1665
6081,1638
6091,1654
6101,1632
6111,1406
6121,1647
6131,1631
6141,1675
6151,1426
6161,1665
6171,1651
6181,1646
6191,1681
6201,1693
6211,1725
6221,1694
6231,1735
6241,1699
6251,1747
6261,1715
6271,1745
6281,1710
6291,1760
6301,1708
6311,1683
6321,1734
6331,1696
6341,1743
6351,1700
6361,1784
6371,1719
6381,1755
6391,1701
6401,1792
6411,1722
6421,1770
6431,1714
6441,1768
6451,1735
6461,1721
6471,1786
6481,1725
6491,1738
6501,1771
6511,1870
6521,2010
6531,2037
6541,1949
6551,1914
6561,1838
6571,1843
6581,1794
6591,1820
6601,1821
6611,1856
6621,1748
6631,1828
6641,1855
6651,1822
6661,1544
6671,1855
6681,1813
6691,1855
6701,1823
6711,1876
6721,1837
6731,1878
6741,1592
6751,1889
6761,1838
6771,1881
6781,1595
6791,1895
6801,1857
6811,1887
6821,1860
6831,1899
6841,1855
6851,1913
6861,1861
6871,1931
6881,2210
6891,1916
6901,1880
6911,1678
6921,1880
6931,1936
6941,1890
6951,1924
6961,1932
6971,1951
6981,1930
6991,1708
7001,1901
7011,1960
7021,1913
7031,1961
7041,1913
7051,1968
7061,1922
7071,1961
7081,1923
7091,1975
7101,1929
7111,1772
7121,1676
7131,1980
7141,1958
7151,1981
7161,1946
7171,2006
7181,1957
7191,1972
7201,1961
7211,2005
7221,2003
7231,1970
7241,2013
7251,1973
7261,2020
7271,1977
7281,2022
7291,1996
7301,2024
7311,1726
7321,2037
7331,1997
7341,1493
7351,1731
7361,2050
7371,2012
7381,2051
7391,2011
7401,2057
7411,2021
7421,2049
7431,2061
7441,2056
7451,2078
7461,2035
7471,2093
7481,2035
7491,2088
7501,2042
7511,2088
7521,2092
7531,2054
7541,2096
7551,2058
7561,1830
7571,2065
7581,2116
7591,2272
7601,2090
7611,2188
7621,2251
7631,2136
7641,1806
7651,2130
7661,2092
7671,2138
7681,2138
7691,2110
7701,2151
7711,1848
7721,1865
7731,2115
7741,2163
7751,2119
7761,2154
7771,1826
7781,2172
7791,2161
7801,2133
7811,2171
7821,2140
7831,2181
7841,2143
7851,1885
7861,2144
7871,2153
7881,1903
7891,2179
7901,2231
7911,2234
7921,2217
7931,2030
7941,2478
7951,2267
7961,2220
7971,2250
7981,2230
7991,2193
8001,2217
8011,2185
8021,2205
8031,2192
8041,2248
8051,2242
8061,2199
8071,2200
8081,2161
8091,2175
8101,1911
8111,2353
8121,2225
8131,2222
8141,2237
8151,2224
8161,2191
8171,2225
8181,1888
8191,2233
8201,2181
8211,1939
8221,2191
8231,2209
8241,2235
8251,2203
8261,2236
8271,2216
8281,2501
8291,1644
8301,2274
8311,2283
8321,2311
8331,2296
8341,1971
8351,2293
8361,2301
8371,2288
8381,2309
8391,2303
8401,2446
8411,2308
8421,2315
8431,2321
8441,2323
8451,2571
8461,2348
8471,2344
8481,2312
8491,2391
8501,2034
8511,2374
8521,2356
8531,2329
8541,2369
8551,2350
8561,2348
8571,2375
8581,2344
8591,2375
8601,2026
8611,2365
8621,2421
8631,2038
8641,2405
8651,2357
8661,2370
8671,2404
8681,2370
8691,2467
8701,2108
8711,2382
8721,2461
8731,2465
8741,2470
8751,2410
8761,2081
8771,2417
8781,2407
8791,2408
8801,2688
8811,2466
8821,2416
8831,2564
8841,2335
8851,2702
8861,2602
8871,2530
8881,2434
8891,2515
8901,2498
8911,2450
8921,2491
8931,2562
8941,2460
8951,2498
8961,2127
8971,2497
8981,2500
8991,2472
9001,2526
9011,2506
9021,2485
9031,2208
9041,2514
9051,2487
9061,2534
9071,2523
9081,2490
9091,2528
9101,2544
9111,2537
9121,2485
9131,2494
9141,2455
9151,2530
9161,2558
9171,2173
9181,2570
9191,2568
9201,2536
9211,2572
9221,2583
9231,2628
9241,2574
9251,2586
9261,2201
9271,1854
9281,2537
9291,2497
9301,2549
9311,2542
9321,2506
9331,2555
9341,2558
9351,2511
9361,2564
9371,2556
9381,2521
9391,2567
9401,2581
9411,2531
9421,2550
9431,2608
9441,2546
9451,2566
9461,2258
9471,2550
9481,2585
9491,2606
9501,2609
9511,2570
9521,2606
9531,3316
9541,2576
9551,2568
9561,2672
9571,2675
9581,2636
9591,2674
9601,2636
9611,2588
9621,2266
9631,2652
9641,2600
9651,2626
9661,2654
9671,2652
9681,2606
9691,2658
9701,2310
9711,2602
9721,2670
9731,2670
9741,2629
9751,2643
9761,2670
9771,2671
9781,2642
9791,2681
9801,2685
9811,2673
9821,2659
9831,2703
9841,2747
9851,2679
9861,2709
9871,2351
9881,2709
9891,2733
9901,2722
9911,2738
9921,2678
9931,2719
9941,2765
9951,2828
9961,2749
9971,2940
9981,2864
9991,2754
1,2
11,6
21,10
31,43
41,17
51,31
61,24
71,27
81,32
91,35
101,39
111,48
121,57
131,60
141,53
151,62
161,61
171,69
181,67
191,76
201,78
211,89
221,88
231,96
241,106
251,114
261,96
271,97
281,106
291,115
301,121
311,129
321,128
331,125
341,135
351,155
361,137
371,158
381,166
391,147
401,168
411,151
421,168
431,187
441,187
451,184
461,185
471,193
481,201
491,204
501,169
511,195
521,210
531,219
541,224
551,237
561,229
571,202
581,228
591,243
601,247
611,291
621,230
631,256
641,270
651,230
661,268
671,282
681,302
691,304
701,302
711,282
721,285
731,298
741,288
751,297
761,291
771,293
781,302
791,303
801,306
811,317
821,312
831,287
841,326
851,324
861,295
871,337
881,343
891,343
901,341
911,353
921,352
931,359
941,359
951,368
961,372
971,396
981,401
991,411
1001,411
1011,418
1021,419
1031,415
1041,404
1051,404
1061,408
1071,418
1081,433
1091,406
1101,450
1111,428
1121,438
1131,378
1141,439
1151,443
1161,447
1171,484
1181,480
1191,484
1201,446
1211,469
1221,494
1231,454
1241,497
1251,502
1261,488
1271,447
1281,494
1291,498
1301,508
1311,544
1321,589
1331,512
1341,466
1351,524
1361,523
1371,526
1381,531
1391,541
1401,549
1411,542
1421,550
1431,498
1441,555
1451,562
1461,561
1471,585
1481,569
1491,518
1501,582
1511,580
1521,591
1531,588
1541,603
1551,602
1561,600
1571,608
1581,607
1591,558
1601,635
1611,618
1621,628
1631,632
1641,630
1651,639
1661,661
1671,614
1681,645
1691,654
1701,667
1711,598
1721,684
1731,600
1741,672
1751,677
1761,679
1771,682
1781,697
1791,691
1801,705
1811,632
1821,704
1831,708
1841,711
1851,715
1861,719
1871,725
1881,725
1891,741
1901,739
1911,738
1921,669
1931,745
1941,755
1951,681
1961,690
1971,760
1981,764
1991,767
2001,782
2011,776
2021,779
2031,788
2041,786
2051,791
2061,801
2071,721
2081,807
2091,820
2101,814
2111,813
2121,822
2131,742
2141,840
2151,828
2161,756
2171,836
2181,846
2191,897
2201,895
2211,904
2221,898
2231,946
2241,913
2251,916
2261,918
2271,925
2281,907
2291,933
2301,934
2311,947
2321,897
2331,948
2341,956
2351,919
2361,882
2371,970
2381,969
2391,967
2401,985
2411,979
2421,974
2431,808
2441,1027
2451,993
2461,998
2471,1003
2481,1048
2491,1008
2501,1013
2511,1008
2521,1050
2531,1019
2541,1020
2551,1033
2561,1040
2571,1036
2581,1036
2591,1083
2601,1041
2611,1048
2621,1054
2631,1081
2641,1055
2651,1072
2661,1067
2671,1073
2681,1141
2691,983
2701,1112
2711,1089
2721,1082
2731,1082
2741,1121
2751,981
2761,1106
2771,1160
2781,1112
2791,1106
2801,1102
2811,1137
2821,1116
2831,1115
2841,1161
2851,1133
2861,1128
2871,1032
2881,1179
2891,1145
2901,1148
2911,1185
2921,1152
2931,1157
2941,1200
2951,1172
2961,1182
2971,1077
2981,1221
2991,1181
3001,1184
3011,1226
3021,1329
3031,1209
3041,1196
3051,1129
3061,1198
3071,1253
3081,1225
3091,1215
3101,1238
3111,1318
3121,1267
3131,1273
3141,1221
3151,1252
3161,1322
3171,1369
3181,1234
3191,1321
3201,1244
3211,1243
3221,1265
3231,1251
3241,1258
3251,1263
3261,1166
3271,1293
3281,1292
3291,1345
3301,1301
3311,1337
3321,1283
3331,1312
3341,1321
3351,1202
3361,1314
3371,1341
3381,1330
3391,1090
3401,1343
3411,1337
3421,1345
3431,1230
3441,1348
3451,1357
3461,1373
3471,1359
3481,1369
3491,1378
3501,1373
3511,1380
3521,1400
3531,1263
3541,1390
3551,1441
3561,1263
3571,1401
3581,1419
3591,1403
3601,1422
3611,1415
3621,1428
3631,1434
3641,1662
3651,1409
3661,1410
3671,1397
3681,1437
3691,1408
3701,1417
3711,1313
3721,1417
3731,1435
3741,1530
3751,1470
3761,1520
3771,1212
3781,1479
3791,1515
3801,1484
3811,1500
3821,1507
3831,1497
3841,1541
3851,1508
3861,1513
3871,1520
3881,1507
3891,1562
3901,1527
3911,1528
3921,1533
3931,1533
3941,1584
3951,1547
3961,1545
3971,1560
3981,1561
3991,1466
4001,1570
4011,1569
4021,1580
4031,1574
4041,1626
4051,1587
4061,1583
4071,1587
4081,1600
4091,1500
4101,1458
4111,1605
4121,1590
4131,1623
4141,1653
4151,1480
4161,1508
4171,1623
4181,1481
4191,1693
4201,1637
4211,1678
4221,1637
4231,1497
4241,1641
4251,1652
4261,1697
4271,1661
4281,1671
4291,1665
4301,1674
4311,1646
4321,1677
4331,1718
4341,1690
4351,1730
4361,1851
4371,1740
4381,1542
4391,1705
4401,1748
4411,1708
4421,1741
4431,1693
4441,1728
4451,1681
4461,1736
4471,1690
4481,1700
4491,1748
4501,1702
4511,1766
4521,1708
4531,1776
4541,1554
4551,1774
4561,1723
4571,1737
4581,1762
4591,1758
4601,1803
4611,1747
4621,1806
4631,1759
4641,1807
4651,1767
4661,1820
4671,1765
4681,1829
4691,1767
4701,1778
4711,1791
4721,1793
4731,1810
4741,1831
4751,1977
4761,1923
4771,2179
4781,1965
4791,1920
4801,1883
4811,1931
4821,1783
4831,1805
4841,1916
4851,1898
4861,1857
4871,1902
4881,1863
4891,1907
4901,1872
4911,1909
4921,1963
4931,1956
4941,1887
4951,1768
4961,1901
4971,1946
4981,1728
4991,1975
5001,1966
5011,1760
5021,1939
5031,1965
5041,1921
5051,1982
5061,1765
5071,1777
5081,1941
5091,1971
5101,1733
5111,1783
5121,1926
5131,1970
5141,1932
5151,1999
5161,1754
5171,1993
5181,1946
5191,2006
5201,1969
5211,1990
5221,1970
5231,2015
5241,1988
5251,2011
5261,2017
5271,2040
5281,1985
5291,2032
5301,1995
5311,2047
5321,1998
5331,2042
5341,2008
5351,2052
5361,2056
5371,2020
5381,2070
5391,2078
5401,2070
5411,2047
5421,2151
5431,2252
5441,2108
5451,2091
5461,2096
5471,2134
5481,2147
5491,2110
5501,2062
5511,2125
5521,2077
5531,2142
5541,2080
5551,2106
5561,1888
5571,2090
5581,1931
5591,2097
5601,2131
5611,2106
5621,2149
5631,2107
5641,2150
5651,2119
5661,2143
5671,2161
5681,2126
5691,2172
5701,2135
5711,2176
5721,2187
5731,2167
5741,2185
5751,2161
5761,1989
5771,2169
5781,2560
5791,2071
5801,2224
5811,2256
5821,2217
5831,2260
5841,2228
5851,2266
5861,2237
5871,2252
5881,2301
5891,2250
5901,2291
5911,2254
5921,2296
5931,2298
5941,2317
5951,2612
5961,2534
5971,2416
5981,2361
5991,2325
6001,2370
6011,2386
6021,2306
6031,2345
6041,2311
6051,2354
6061,2401
6071,2334
6081,2367
6091,2314
6101,2325
6111,2333
6121,2284
6131,2343
6141,2351
6151,2302
6161,2351
6171,2092
6181,2368
6191,2322
6201,2355
6211,2370
6221,2333
6231,2393
6241,2384
6251,2581
6261,2397
6271,2353
6281,2135
6291,2409
6301,2361
6311,2423
6321,2423
6331,2375
6341,2429
6351,2385
6361,2438
6371,2434
6381,2402
6391,2450
6401,2457
6411,2404
6421,2231
6431,2409
6441,2454
6451,2879
6461,2237
6471,2509
6481,2514
6491,2510
6501,2558
6511,2539
6521,2519
6531,2591
6541,2549
6551,2502
6561,2595
6571,2560
6581,2521
6591,2595
6601,2587
6611,2532
6621,2369
6631,2569
6641,2535
6651,2595
6661,2610
6671,2552
6681,2602
6691,2600
6701,2570
6711,2112
6721,2570
6731,2341
6741,2620
6751,2087
6761,2629
6771,2620
6781,2595
6791,2687
6801,2645
6811,2606
6821,2685
6831,2403
6841,2618
6851,2663
6861,2688
6871,2662
6881,2704
6891,2694
6901,2648
6911,2685
6921,2719
6931,2697
6941,2654
6951,2180
6961,2672
6971,2645
6981,2673
6991,2664
7001,2635
7011,2682
7021,2810
7031,2637
7041,2670
7051,2686
7061,2681
7071,2648
7081,2699
7091,2768
7101,2730
7111,2750
7121,2753
7131,2411
7141,2687
7151,2751
7161,2809
7171,2762
7181,2783
7191,2520
7201,2696
7211,2698
7221,2757
7231,2831
7241,2782
7251,2806
7261,2840
7271,2836
7281,2461
7291,2799
7301,2793
7311,2749
7321,2834
7331,3211
7341,2862
7351,2548
7361,2841
7371,2868
7381,2820
7391,2786
7401,2900
7411,2894
7421,2898
7431,2827
7441,2816
7451,2888
7461,2317
7471,2871
7481,2916
7491,2919
7501,2884
7511,2619
7521,2939
7531,2941
7541,2569
7551,2335
7561,2623
7571,2902
7581,2925
7591,2692
7601,2960
7611,2635
7621,2906
7631,2915
7641,2998
7651,2987
7661,2960
7671,2962
7681,2943
7691,2945
7701,3141
7711,3011
7721,2788
7731,3226
7741,3039
7751,2994
7761,3053
7771,2684
7781,2721
7791,2932
7801,3052
7811,3051
7821,2764
7831,3408
7841,3113
7851,3161
7861,3096
7871,3131
7881,3121
7891,2758
7901,3066
7911,3127
7921,3174
7931,2882
7941,2778
7951,3121
7961,3063
7971,3055
7981,3068
7991,3577
8001,3097
8011,3202
8021,2493
8031,3129
8041,3056
8051,3098
8061,3079
8071,3100
8081,3095
8091,3060
8101,3117
8111,3126
8121,2536
8131,3066
8141,3116
8151,3125
8161,2841
8171,3133
8181,2797
8191,3151
8201,2860
8211,3279
8221,3166
8231,3110
8241,3138
8251,3219
8261,2909
8271,3191
8281,3163
8291,3133
8301,3222
8311,3190
8321,3343
8331,3196
8341,2853
8351,3181
8361,3200
8371,3204
8381,3208
8391,3220
8401,3171
8411,3179
8421,3215
8431,2907
8441,3225
8451,3250
8461,2890
8471,3204
8481,3240
8491,3253
8501,3245
8511,3264
8521,3245
8531,3227
8541,3350
8551,3960
8561,3716
8571,3426
8581,3118
8591,3435
8601,3862
8611,3378
8621,3347
8631,3403
8641,3343
8651,3365
8661,3364
8671,3407
8681,3337
8691,3322
8701,3327
8711,2980
8721,3427
8731,3036
8741,3382
8751,3367
8761,3368
8771,3390
8781,3385
8791,3339
8801,3350
8811,3395
8821,3408
8831,3457
8841,3396
8851,3411
8861,3384
8871,3405
8881,3371
8891,3398
8901,3641
8911,3463
8921,3422
8931,3427
8941,3437
8951,3450
8961,3115
8971,3440
8981,2799
8991,3462
9001,3123
9011,3444
9021,3467
9031,3125
9041,4008
9051,3544
9061,3539
9071,3544
9081,3580
9091,3610
9101,3310
9111,3643
9121,3619
9131,3578
9141,3645
9151,3712
9161,3606
9171,3610
9181,3578
9191,3586
9201,3495
9211,3501
9221,3513
9231,3554
9241,3555
9251,3587
9261,3585
9271,3237
9281,3598
9291,3250
9301,3587
9311,3579
9321,3607
9331,4002
9341,4107
9351,3785
9361,3270
9371,3357
9381,3353
9391,3715
9401,3623
9411,3734
9421,3693
9431,3722
9441,3831
9451,3369
9461,3735
9471,3925
9481,3753
9491,3390
9501,3727
9511,3679
9521,3676
9531,3676
9541,3693
9551,3282
9561,3653
9571,3700
9581,3694
9591,3723
9601,3725
9611,3036
9621,3734
9631,3709
9641,3778
9651,3425
9661,3723
9671,3735
9681,3820
9691,3798
9701,3961
9711,3794
9721,3770
9731,3394
9741,3756
9751,3765
9761,3757
9771,3776
9781,3765
9791,3771
9801,3379
9811,3757
9821,3786
9831,3779
9841,3769
9851,3434
9861,3811
9871,3841
9881,3833
9891,3807
9901,3487
9911,3963
9921,3819
9931,3832
9941,3826
9951,3868
9961,4099
9971,3854
9981,3484
9991,3891
1,1
11,2
21,3
31,5
41,6
51,7
61,24
71,10
81,21
91,13
101,15
111,15
121,17
131,23
141,19
151,21
161,22
171,29
181,25
191,40
201,43
211,50
221,31
231,37
241,33
251,55
261,51
271,38
281,44
291,41
301,47
311,67
321,69
331,46
341,82
351,59
361,67
371,88
381,53
391,60
401,55
411,76
421,75
431,60
441,66
451,82
461,100
471,65
481,71
491,73
501,99
511,76
521,72
531,94
541,91
551,82
561,94
571,95
581,86
591,112
601,88
611,89
621,113
631,93
641,106
651,98
661,100
671,101
681,103
691,113
701,102
711,125
721,106
731,133
741,108
751,120
761,114
771,115
781,135
791,118
801,120
811,135
821,119
831,142
841,127
851,153
861,125
871,143
881,138
891,145
901,151
911,131
921,159
931,134
941,152
951,158
961,144
971,170
981,151
991,160
1001,166
1011,151
1021,174
1031,169
1041,155
1051,185
1061,174
1071,169
1081,171
1091,177
1101,174
1111,174
1121,187
1131,188
1141,163
1151,181
1161,192
1171,184
1181,179
1191,180
1201,182
1211,184
1221,194
1231,195
1241,194
1251,205
1261,210
1271,217
1281,198
1291,199
1301,213
1311,214
1321,207
1331,200
1341,201
1351,218
1361,219
1371,211
1381,222
1391,214
1401,226
1411,212
1421,213
1431,220
1441,236
1451,261
1461,233
1471,241
1481,236
1491,243
1501,243
1511,244
1521,247
1531,243
1541,250
1551,245
1561,252
1571,248
1581,256
1591,252
1601,258
1611,262
1621,261
1631,262
1641,258
1651,264
1661,266
1671,262
1681,268
1691,270
1701,276
1711,283
1721,286
1731,286
1741,283
1751,280
1761,299
1771,303
1781,295
1791,296
1801,298
1811,286
1821,319
1831,287
1841,278
1851,280
1861,281
1871,283
1881,284
1891,295
1901,287
1911,288
1921,290
1931,296
1941,293
1951,294
1961,295
1971,297
1981,299
1991,299
2001,307
2011,303
2021,304
2031,311
2041,313
2051,308
2061,310
2071,316
2081,312
2091,314
2101,321
2111,317
2121,318
2131,325
2141,321
2151,334
2161,324
2171,331
2181,327
2191,334
2201,331
2211,336
2221,333
2231,339
2241,335
2251,342
2261,344
2271,352
2281,347
2291,375
2301,359
2311,402
2321,383
2331,380
2341,387
2351,395
2361,398
2371,390
2381,405
2391,415
2401,412
2411,414
2421,407
2431,399
2441,400
2451,409
2461,415
2471,446
2481,415
2491,422
2501,404
2511,395
2521,397
2531,403
2541,399
2551,401
2561,402
2571,415
2581,408
2591,406
2601,408
2611,417
2621,412
2631,413
2641,407
2651,404
2661,417
2671,415
2681,419
2691,420
2701,407
2711,408
2721,416
2731,411
2741,417
2751,434
2761,439
2771,438
2781,433
2791,439
2801,436
2811,481
2821,433
2831,435
2841,441
2851,466
2861,445
2871,450
2881,452
2891,448
2901,454
2911,456
2921,452
2931,458
2941,473
2951,456
2961,462
2971,463
2981,466
2991,462
3001,468
3011,470
3021,479
3031,483
3041,474
3051,475
3061,471
3071,478
3081,480
3091,481
3101,482
3111,499
3121,485
3131,487
3141,487
3151,489
3161,490
3171,491
3181,498
3191,515
3201,496
3211,498
3221,499
3231,501
3241,540
3251,532
3261,496
3271,517
3281,509
3291,511
3301,501
3311,513
3321,519
3331,515
3341,527
3351,533
3361,519
3371,521
3381,527
3391,523
3401,530
3411,542
3421,538
3431,529
3441,536
3451,531
3461,538
3471,534
3481,539
3491,581
3501,539
3511,546
3521,541
3531,549
3541,548
3551,544
3561,552
3571,581
3581,555
3591,550
3601,557
3611,559
3621,560
3631,561
3641,568
3651,564
3661,565
3671,566
3681,568
3691,570
3701,571
3711,578
3721,572
3731,575
3741,577
3751,577
3761,579
3771,580
3781,622
3791,597
3801,599
3811,600
3821,602
3831,624
3841,652
3851,614
3861,610
3871,612
3881,610
3891,614
3901,621
3911,644
3921,615
3931,626
3941,618
3951,619
3961,629
3971,629
3981,623
3991,634
4001,625
4011,637
4021,633
4031,676
4041,640
4051,638
4061,639
4071,636
4081,644
4091,676
4101,655
4111,650
4121,647
4131,657
4141,650
4151,646
4161,664
4171,634
4181,662
4191,658
4201,660
4211,660
4221,689
4231,665
4241,665
4251,666
4261,661
4271,669
4281,708
4291,673
4301,673
4311,676
4321,677
4331,710
4341,679
4351,683
4361,685
4371,687
4381,687
4391,727
4401,691
4411,693
4421,693
4431,695
4441,692
4451,712
4461,699
4471,706
4481,702
4491,702
4501,701
4511,731
4521,712
4531,708
4541,725
4551,709
4561,762
4571,716
4581,737
4591,723
4601,716
4611,721
4621,745
4631,724
4641,730
4651,725
4661,733
4671,762
4681,734
4691,730
4701,737
4711,730
4721,765
4731,751
4741,743
4751,744
4761,740
4771,744
4781,782
4791,746
4801,752
4811,753
4821,745
4831,779
4841,806
4851,802
4861,754
4871,758
4881,844
4891,778
4901,780
4911,777
4921,781
4931,834
4941,775
4951,774
4961,774
4971,775
4981,810
4991,779
5001,779
5011,780
5021,781
5031,826
5041,786
5051,791
5061,788
5071,786
5081,835
5091,794
5101,793
5111,792
5121,801
5131,848
5141,799
5151,799
5161,807
5171,799
5181,843
5191,811
5201,807
5211,808
5221,815
5231,849
5241,809
5251,822
5261,815
5271,818
5281,854
5291,828
5301,821
5311,825
5321,820
5331,865
5341,826
5351,832
5361,853
5371,837
5381,850
5391,834
5401,840
5411,843
5421,866
5431,845
5441,847
5451,842
5461,848
5471,858
5481,852
5491,853
5501,847
5511,851
5521,887
5531,858
5541,881
5551,861
5561,896
5571,866
5581,859
5591,866
5601,868
5611,908
5621,871
5631,872
5641,870
5651,910
5661,872
5671,876
5681,888
5691,881
5701,909
5711,880
5721,870
5731,880
5741,975
5751,929
5761,873
5771,1031
5781,951
5791,964
5801,898
5811,920
5821,908
5831,930
5841,890
5851,884
5861,896
5871,917
5881,895
5891,893
5901,890
5911,897
5921,900
5931,910
5941,936
5951,942
5961,957
5971,925
5981,916
5991,926
6001,1021
6011,949
6021,932
6031,930
6041,967
6051,933
6061,920
6071,934
6081,936
6091,949
6101,942
6111,937
6121,944
6131,986
6141,950
6151,949
6161,951
6171,966
6181,952
6191,958
6201,955
6211,979
6221,957
6231,958
6241,956
6251,1011
6261,963
6271,964
6281,967
6291,1009
6301,974
6311,965
6321,971
6331,1007
6341,975
6351,977
6361,978
6371,1012
6381,981
6391,982
6401,983
6411,1016
6421,998
6431,990
6441,995
6451,1009
6461,1003
6471,998
6481,994
6491,1036
6501,1001
6511,997
6521,1006
6531,1040
6541,1008
6551,1004
6561,1011
6571,1046
6581,1013
6591,1009
6601,1015
6611,1042
6621,1013
6631,1021
6641,1016
6651,1066
6661,1026
6671,1022
6681,1026
6691,1048
6701,1031
6711,1028
6721,1036
6731,1061
6741,1037
6751,1037
6761,1033
6771,1064
6781,1041
6791,1042
6801,1063
6811,1090
6821,1068
6831,1044
6841,1090
6851,1052
6861,1053
6871,1054
6881,1088
6891,1056
6901,1059
6911,1058
6921,1096
6931,1063
6941,1064
6951,1103
6961,1067
6971,1072
6981,1068
6991,1105
7001,1149
7011,1120
7021,1084
7031,1113
7041,1079
7051,1083
7061,1120
7071,1084
7081,1088
7091,1122
7101,1243
7111,1135
7121,1149
7131,1182
7141,1110
7151,1119
7161,1126
7171,1127
7181,1121
7191,1149
7201,1164
7211,1129
7221,1127
7231,1135
7241,1144
7251,1134
7261,1135
7271,1164
7281,1144
7291,1141
7301,1143
7311,1157
7321,1143
7331,1143
7341,1190
7351,1149
7361,1146
7371,1157
7381,1161
7391,1130
7401,1131
7411,1173
7421,1133
7431,1135
7441,1137
7451,1249
7461,1126
7471,1153
7481,1156
7491,1130
7501,1152
7511,1133
7521,1145
7531,1158
7541,1130
7551,1177
7561,1161
7571,1151
7581,1146
7591,1161
7601,1165
7611,1146
7621,1185
7631,1183
7641,1181
7651,1277
7661,1265
7671,1244
7681,1196
7691,1229
7701,1230
7711,1224
7721,1221
7731,1197
7741,1192
7751,1236
7761,1227
7771,1206
7781,1238
7791,1193
7801,1194
7811,1198
7821,1239
7831,1193
7841,1194
7851,1237
7861,1202
7871,1200
7881,1235
7891,1208
7901,1278
7911,1264
7921,1206
7931,1217
7941,1214
7951,1261
7961,1214
7971,1220
7981,1251
7991,1225
8001,1225
8011,1267
8021,1229
8031,1249
8041,1274
8051,1244
8061,1253
8071,1252
8081,1260
8091,1259
8101,1267
8111,1307
8121,1261
8131,1270
8141,1274
8151,1270
8161,1293
8171,1289
8181,1268
8191,1274
8201,1284
8211,1275
8221,1276
8231,1288
8241,1287
8251,1283
8261,1297
8271,1286
8281,1293
8291,1294
8301,1290
8311,1297
8321,1296
8331,1313
8341,1303
8351,1290
8361,1306
8371,1329
8381,1301
8391,1292
8401,1300
8411,1307
8421,1346
8431,1308
8441,1307
8451,1342
8461,1305
8471,1320
8481,1368
8491,1314
8501,1327
8511,1350
8521,1323
8531,1323
8541,1368
8551,1328
8561,1399
8571,1351
8581,1335
8591,1328
8601,1329
8611,1339
8621,1337
8631,1324
8641,1536
8651,1407
8661,1318
8671,1320
8681,1399
8691,1347
8701,1348
8711,1376
8721,1355
8731,1358
8741,1402
8751,1355
8761,1364
8771,1402
8781,1359
8791,1366
8801,1408
8811,1368
8821,1369
8831,1407
8841,1368
8851,1377
8861,1411
8871,1371
8881,1376
8891,1416
8901,1383
8911,1380
8921,1362
8931,1390
8941,1426
8951,1385
8961,1387
8971,1419
8981,1391
8991,1392
9001,1426
9011,1397
9021,1396
9031,1442
9041,1396
9051,1408
9061,1414
9071,1407
9081,1407
9091,1440
9101,1399
9111,1452
9121,1412
9131,1412
9141,1464
9151,1421
9161,1415
9171,1455
9181,1419
9191,1422
9201,1454
9211,1425
9221,1424
9231,1410
9241,1429
9251,1474
9261,1436
9271,1580
9281,1411
9291,1387
9301,1389
9311,1431
9321,1397
9331,1400
9341,1412
9351,1401
9361,1425
9371,1410
9381,1406
9391,1447
9401,1409
9411,1408
9421,1455
9431,1438
9441,1445
9451,1492
9461,1449
9471,1451
9481,1487
9491,1452
9501,1520
9511,1463
9521,1467
9531,1509
9541,1471
9551,1469
9561,1517
9571,1474
9581,1509
9591,1482
9601,1477
9611,1512
9621,1486
9631,1482
9641,1529
9651,1485
9661,1490
9671,1471
9681,1494
9691,1527
9701,1497
9711,1492
9721,1526
9731,1501
9741,1534
9751,1503
9761,1499
9771,1542
9781,1504
9791,1503
9801,1532
9811,1511
9821,1552
9831,1506
9841,1515
9851,1556
9861,1512
9871,1520
9881,1542
9891,1524
9901,1559
9911,1520
9921,1525
9931,1567
9941,1532
9951,1547
9961,1703
9971,1636
9981,1559
9991,1523
