10,30
11,35
12,34
13,33
14,34
15,35
16,36
17,34
18,34
19,34
20,35
21,35
22,35
23,37
24,38
25,36
26,38
27,38
28,40
29,40
30,39
31,40
32,39
33,40
34,40
35,41
36,43
37,44
38,43
39,44
40,14
41,14
42,14
43,13
44,14
45,14
46,14
47,15
48,15
49,14
50,15
51,15
52,19
53,16
54,15
55,15
56,15
57,16
58,16
59,16
60,16
61,17
62,16
63,17
64,16
65,17
66,16
67,16
68,17
69,17
70,17
71,17
72,18
73,18
74,18
75,19
76,18
77,18
78,19
79,19
80,18
81,19
82,19
83,19
84,19
85,19
86,20
87,19
88,20
89,20
90,20
91,20
92,20
93,20
94,21
95,19
96,20
97,21
98,21
99,21
100,22
101,22
102,22
103,22
104,21
105,22
106,23
107,22
108,21
109,22
110,23
111,23
112,23
113,24
114,28
115,29
116,30
117,28
118,30
119,30
120,29
121,28
122,23
123,29
124,31
125,30
126,31
127,31
128,29
129,31
130,31
131,32
132,30
133,29
134,26
135,27
136,26
137,26
138,26
139,28
140,27
141,27
142,27
143,27
144,27
145,26
146,28
147,28
148,27
149,27
150,28
151,28
152,28
153,28
154,28
155,29
156,29
157,29
158,29
159,28
160,29
161,30
162,29
163,30
164,30
165,32
166,30
167,31
168,31
169,34
170,33
171,35
172,31
173,35
174,33
175,36
176,35
177,36
178,33
179,36
180,35
181,37
182,34
183,39
184,35
185,38
186,33
187,32
188,33
189,32
190,33
191,33
192,33
193,33
194,33
195,34
196,34
197,34
198,33
199,34
200,35
201,34
202,35
203,35
204,35
205,36
206,35
207,35
208,35
209,35
210,35
211,36
212,35
213,35
214,36
215,36
216,36
217,36
218,36
219,37
220,37
221,38
222,37
223,37
224,36
225,38
226,37
227,37
228,38
229,37
230,39
231,38
232,38
233,38
234,38
235,39
236,39
237,38
238,40
239,39
240,40
241,40
242,40
243,40
244,40
245,40
246,39
247,40
248,40
249,40
250,41
251,41
252,41
253,39
254,42
255,41
256,42
257,41
258,42
259,41
260,43
261,42
262,54
263,41
264,41
265,40
266,40
267,42
268,42
269,41
270,42
271,42
272,42
273,43
274,42
275,42
276,43
277,42
278,42
279,43
280,42
281,43
282,44
283,43
284,43
285,45
286,44
287,44
288,44
289,44
290,44
291,45
292,45
293,45
294,44
295,45
296,45
297,44
298,46
299,46
300,45
301,45
302,46
303,46
304,45
305,46
306,47
307,47
308,46
309,46
310,46
311,47
312,47
313,47
314,53
315,54
316,54
317,55
318,55
319,55
320,54
321,55
322,56
323,55
324,55
325,57
326,56
327,55
328,56
329,56
330,56
331,56
332,56
333,56
334,56
335,56
336,57
337,57
338,56
339,57
340,58
341,57
342,57
343,58
344,57
345,58
346,58
347,58
348,58
349,59
350,60
351,59
352,59
353,59
354,59
355,59
356,60
357,59
358,77
359,78
360,77
361,79
362,65
363,75
364,72
365,78
366,76
367,60
368,61
369,60
370,69
371,66
372,66
373,66
374,66
375,67
376,61
377,62
378,64
379,65
380,63
381,62
382,63
383,62
384,68
385,63
386,63
387,70
388,64
389,69
390,67
391,69
392,68
393,69
394,68
395,69
396,69
397,64
398,64
399,65
400,64
401,65
402,64
403,64
404,65
405,65
406,65
407,66
408,66
409,67
410,66
411,66
412,66
413,66
414,67
415,67
416,70
417,73
418,75
419,78
420,73
421,79
422,72
423,69
424,70
425,72
426,71
427,78
428,73
429,75
430,79
431,72
432,69
433,69
434,70
435,69
436,69
437,70
438,70
439,70
440,69
441,71
442,70
443,71
444,69
445,70
446,84
447,69
448,68
449,69
450,69
451,69
452,70
453,69
454,69
455,69
456,68
457,69
458,69
459,70
460,69
461,71
462,71
463,70
464,70
465,70
466,70
467,71
468,72
469,71
470,72
471,71
472,71
473,70
474,72
475,71
476,71
477,71
478,72
479,71
480,71
481,72
482,73
483,72
484,72
485,74
486,72
487,73
488,73
489,73
490,73
491,73
492,75
493,74
494,75
495,74
496,75
497,75
498,74
499,72
500,73
501,72
502,72
503,71
504,72
505,74
506,74
507,72
508,73
509,73
510,72
511,73
512,74
513,73
514,77
515,78
516,79
517,79
518,79
519,79
520,79
521,78
522,79
523,75
524,76
525,75
526,75
527,76
528,76
529,75
530,76
531,76
532,77
533,77
534,76
535,77
536,77
537,77
538,77
539,77
540,77
541,77
542,77
543,78
544,76
545,77
546,77
547,78
548,76
549,78
550,78
551,78
552,78
553,79
554,80
555,78
556,80
557,79
558,79
559,79
560,92
561,76
562,77
563,77
564,77
565,75
566,76
567,78
568,78
569,77
570,78
571,78
572,77
573,78
574,78
575,78
576,78
577,79
578,79
579,79
580,93
581,76
582,77
583,76
584,77
585,77
586,77
587,77
588,77
589,77
590,77
591,77
592,78
593,77
594,77
595,77
596,78
597,79
598,79
599,77
600,77
601,79
602,79
603,77
604,79
605,78
606,79
607,78
608,80
609,79
610,93
611,79
612,79
613,80
614,80
615,79
616,80
617,80
618,80
619,80
620,80
621,80
622,81
623,81
624,81
625,81
626,87
627,88
628,87
629,87
630,88
631,87
632,88
633,89
634,87
635,88
636,88
637,89
638,88
639,102
640,88
641,88
642,89
643,89
644,90
645,89
646,89
647,90
648,89
649,90
650,90
651,88
652,90
653,91
654,91
655,90
656,90
657,91
658,91
659,91
660,90
661,90
662,92
663,92
664,92
665,88
666,94
667,91
668,92
669,95
670,91
671,105
672,92
673,93
674,118
675,117
676,116
677,123
678,140
679,184
680,122
681,92
682,143
683,98
684,94
685,94
686,94
687,111
688,98
689,94
690,108
691,178
692,112
693,129
694,162
695,121
696,126
697,99
698,140
699,121
700,98
701,100
702,118
703,99
704,114
705,99
706,97
707,129
708,111
709,98
710,96
711,95
712,111
713,99
714,97
715,96
716,97
717,97
718,111
719,112
720,96
721,100
722,111
723,94
724,99
725,97
726,97
727,109
728,109
729,112
730,100
731,100
732,99
733,96
734,100
735,100
736,96
737,126
738,101
739,100
740,99
741,99
742,99
743,99
744,101
745,97
746,110
747,111
748,101
749,101
750,101
751,101
752,101
753,102
754,98
755,113
756,112
757,103
758,102
759,101
760,103
761,102
762,103
763,98
764,114
765,114
766,103
767,102
768,102
769,103
770,104
771,103
772,100
773,115
774,114
775,116
776,104
777,105
778,104
779,104
780,104
781,104
782,104
783,179
784,149
785,103
786,178
787,130
788,149
789,109
790,103
791,100
792,103
793,101
794,99
795,114
796,113
797,116
798,105
799,102
800,101
801,104
802,103
803,104
804,102
805,105
806,100
807,115
808,106
809,109
810,115
811,106
812,105
813,105
814,105
815,105
816,101
817,117
818,118
819,119
820,107
821,106
822,106
823,106
824,106
825,102
826,118
827,104
828,118
829,106
830,107
831,107
832,107
833,106
834,104
835,119
836,104
837,145
838,123
839,109
840,107
841,107
842,109
843,104
844,120
845,120
846,110
847,104
848,105
849,111
850,108
851,108
852,108
853,105
854,121
855,121
856,110
857,106
858,106
859,113
860,109
861,109
862,110
863,107
864,135
865,123
866,107
867,121
868,111
869,110
870,110
871,111
872,107
873,121
874,125
875,122
876,108
877,113
878,111
879,111
880,111
881,108
882,123
883,122
884,123
885,126
886,114
887,113
888,113
889,112
890,110
891,124
892,124
893,151
894,150
895,149
896,143
897,146
898,155
899,173
900,140
901,115
902,152
903,156
904,146
905,163
906,130
907,178
908,204
909,210
910,166
911,160
912,178
913,174
914,180
915,170
916,119
917,156
918,157
919,159
920,124
921,153
922,147
923,164
924,143
925,146
926,112
927,151
928,150
929,150
930,149
931,155
932,151
933,114
934,118
935,145
936,146
937,146
938,150
939,152
940,124
941,151
942,153
943,152
944,124
945,124
946,120
947,121
948,153
949,152
950,154
951,153
952,152
953,154
954,121
955,130
956,123
957,122
958,122
959,153
960,153
961,153
962,154
963,153
964,138
965,125
966,126
967,127
968,125
969,123
970,123
971,122
972,124
973,124
974,123
975,128
976,122
977,127
978,126
979,129
980,123
981,125
982,125
983,125
984,125
985,137
986,125
987,138
988,127
989,129
990,125
991,126
992,126
993,125
994,128
995,129
996,130
997,125
998,126
999,139
